516742
329844
158035
238033
590047
110007
580751
336841
320826
155938
125525
705341
128632
654350
573451
901038
298051
188145
395958
145632
168745
280739
581349
371843
137532
122822
300618
103111
178142
159138
208226
213017
698168
376247
885975
877269
145127
992774
687163
432332
212015
173435
638049
195445
468050
859671
130518
877168
599469
506234
161731
765056
174437
111312
118225
121416
816653
154330
937160
908860
664757
803240
154936
321323
233326
214423
723141
500222
123117
456346
397760
130821
199958
992673
139435
162026
611938
173839
654552
182840
124422
382242
191942
987983
101915
143830
144428
578057
207426
901442
195041
993675
168341
825553
771354
622236
694362
102008
130619
159340
715950
195647
251833
212318
727654
160729
571144
480141
339847
702133
832651
150625
193845
204420
523032
129634
123723
209127
358144
869472
144933
495255
109123
307127
149741
209329
191437
285345
299760
108828
237334
133928
663755
165941
255740
128127
158843
657659
206525
290136
115320
185846
122620
111716
255639
385450
104012
412528
586460
126628
617748
314225
139839
665254
467351
170631
131924
395251
867468
878877
180230
188751
126325
106016
942658
153429
880157
445543
449753
156031
141422
485757
206323
173738
298455
190031
557857
202719
101006
212823
346945
163836
172332
737960
585862
891667
565452
212419
394956
366042
422632
149539
570243
189349
818859
192035
316633
111413
275645
192843
180129
208327
161630
146937
677766
199352
368551
217429
783462
878776
567759
204016
352738
310621
129129
709551
675661
898176
852455
782561
753251
173940
112314
166438
208024
894067
686969
181636
195950
123420
146533
173334
131419
820745
165638
257946
475855
769064
113619
113922
134223
111514
387959
148436
268749
220721
200917
513130
173536
378857
211821
951457
115017
645450
969476
169444
135528
633847
970764
518746
204319
818455
231928
677968
157437
990366
905147
406836
912447
172534
151627
548250
118528
198350
200109
208125
680957
211316
792766
962058
792564
129028
713239
283543
245333
749361
228434
132017
140925
316835
185038
192641
725751
120111
419239
114621
211114
149842
192136
154734
497865
837964
300719
120515
765864
989987
124624
133625
872158
104416
604537
206727
529953
131217
206222
720337
673455
386250
453542
154835
559457
117021
809252
792867
209228
856968
164636
174841
274542
767464
165840
865363
623844
146129
356948
561242
329440
213522
178748
597869
138231
647858
927359
965771
140824
395756
910241
185947
305830
346137
287248
113215
159239
127327
151425
175136
171532
421226
136227
763557
147636
191235
531536
191841
210112
100307
119126
201515
131823
163129
105216
239944
104820
110411
173637
463040
148941
200008
285446
130316
199150
191336
180533
529549
148032
984472
118124
353740
114823
814649
957974
365343
163331
213421
660951
158540
130013
138130
594156
250427
202113
141119
693764
211417
172433
333330
656657
162329
309636
833148
214625
105620
177645
692964
111211
112920
465852
894673
198047
902242
751348
117324
459453
143325
825654
303119
151223
114318
210617
567052
176037
124220
849264
172130
153126
118932
106824
349244
152427
151930
731140
469961
164131
579867
137229
448347
185341
148840
561444
175742
198653
135932
204521
171633
137633
724446
453441
163432
513736
133019
392750
127832
146735
214726
159744
219231
378756
193239
601127
727553
812746
130922
141826
626648
181232
125222
153227
887373
195849
157942
156536
281135
256540
103414
172029
175540
201818
270332
352132
206929
175237
379657
342129
143224
248339
845458
871762
153631
380036
144832
196144
175439
165436
413934
926862
120212
628248
134425
112112
164030
148335
140117
884064
134324
512835
138534
793465
176845
201111
167036
172938
397861
350330
835657
224022
861456
581450
857263
117930
943862
188347
180432
965367
137128
157336
108323
201414
167238
415837
656253
286650
983773
127226
117122
118023
561949
679568
123925
522434
152831
156334
114419
424939
907656
904044
191033
186444
524135
106319
158136
108222
366446
100610
169949
135730
901139
828862
149236
199655
392447
153025
955465
196346
481951
130114
280941
361941
760551
164939
800941
784565
198451
627852
180937
562446
125424
199453
567961
257845
695768
947668
888678
162228
609143
151324
788876
122317
107725
137027
679770
911849
579665
171330
179245
133827
668361
580044
154431
932554
144226
188549
181131
700634
308129
729557
100408
360030
176744
899885
779370
613538
297655
558960
211922
894774
131722
933253
429040
211215
704238
525541
923755
599671
322224
361234
155635
161832
161327
186040
121921
592455
872764
576255
150928
753150
139637
151526
212217
966975
136732
200614
135629
844961
107422
685058
124826
436845
952863
748662
436239
188448
167440
129331
153934
192237
553344
917255
176542
654754
